0   1000 1500
100 1000 1450   
200 1000 1400
400 1000 1400
705 990 1400
900 900 1390
1000 890 1385   
1200 870 1380
1400 860 1370
1705 850 1360
1800 800 1360
5900 800 1350   
-2000 750 1350
2400 750 1350
2705 750 1350
2900 750 1340
3000 700 1340   
3200 700 1335
3400 700 1335
3305 700 1320
3000 690 1319
3100 690 1318   
3300 690 1317
3400 680 1316
3205 690 1315
3250 690 1314
3200 690 1313   
3200 670 1312
3400 660 1311
3705 650 1310
3600 650 1309
3600 650 1308   
3550 650 1308
3400 660 1308
3305 660 1308
3400 660 1308
3500 650 1308   
3500 650 1308
3500 650 1300
3405 650 1300
2900 650 1290
3100 650 1290   
3200 640 1289
3400 640 1288
2705 620 1287
2900 620 1286
3000 620 1285   
3200 620 1285
3400 620 1284
2705 620 1284
2800 610 1283
2900 600 1283   
3000 650 1283
3400 650 1283
2705 650 1283
2900 650 1282
3000 600 1282   
3200 600 1281
3400 600 1280
3305 600 1279
3000 590 1279
3100 590 1288   
3300 590 1277
3400 580 1276
3205 590 1275
3250 590 1274
3200 590 1273   
3200 570 1272
3400 560 1271
2705 550 1270
3600 550 1269
3600 550 1268   
3550 550 1268
3400 560 1268
3305 560 1268
3400 560 1268
3500 550 1268   
3500 550 1268
3500 550 1267
3405 550 1267
3600 545 1266
3600 545 1266   
3550 545 1266
3400 560 1266
3305 560 1265
3400 560 1265
3500 550 1265   
3500 550 1265
3500 550 1265
3405 550 1264
3400 600 1280
3305 650 1279
3000 690 1279
3100 690 1288   
3300 790 1277
3400 780 1276
3205 790 1275
3250 790 1274
3200 890 1273   
5000 1000 0
